ID	GradPR	VAF
1	0.7321957	0.3100195
2	0.8312862	0.2676687
3	0.7687803	0.4189092
4	0.7831351	0.4704178
5	0.7666574	0.4295499
6	0.8492783	0.3469985
7	0.7338743	0.3546149
8	0.6926224	0.3344194
9	0.6722447	0.3350848
10	0.769926	0.3645743
11	0.7202712	0.3883518
12	0.665924	0.3091816
13	0.7658928	0.3863765
14	0.6861531	0.3914492
15	0.8198979	0.3294054
16	0.6887858	0.3962733
17	0.7663291	0.4245359
18	0.7479232	0.3165818
19	0.7358953	0.2814357
20	0.7392573	0.447472
		
21	0.7234937	0.4854111
22	0.7542329	0.3272992
23	0.7860224	0.3068478
24	0.7122815	0.3615827
25	0.77109	0.312676
26	0.8054485	0.3435258
27	0.7277429	0.3893403
28	0.6465714	0.2833443
29	0.7821095	0.4404996
30	0.7515983	0.4108868
31	0.7615317	0.2768792
32	0.7235861	0.3016554
33	0.7712005	0.2745925
34	0.7826395	0.2759668
35	0.8265426	0.3872947
36	0.8114287	0.2721306
37	0.7871229	0.3375516
38	0.6495881	0.4589973
39	0.7091948	0.3128669
40	0.7617638	0.3523108
41	0.8088292	0.3300586
42	0.7659081	0.3675205
43	0.7403383	0.3288346
44	0.793587	0.2859881
45	0.8191001	0.2708609
46	0.7113337	0.2924341
47	0.8027397	0.3527721
48	0.769152	0.4005065
49	0.7226626	0.2240364
50	0.7941327	0.4326384
51	0.7714603	0.3633537
52	0.6835327	0.3814406
53	0.7457769	0.3109646
54	0.6910655	0.3555429
55	0.7584185	0.306173
56	0.7683579	0.3520865
57	0.6909826	0.3833102
58	0.8584656	0.2709479
59	0.7631837	0.3712566
60	0.8053081	0.3252361
61	0.7688635	0.3127253
62	0.7606197	0.3640477
63	0.8192586	0.3448406
64	0.8264018	0.3723538
65	0.7485053	0.3122308
66	0.7091413	0.3018902
67	0.8570913	0.3199802
68	0.7382928	0.3354708
69	0.7769252	0.2646586
70	0.7464184	0.3681076
71	0.7047223	0.3278692
72	0.7834294	0.4354551
73	0.6413971	0.4113127
74	0.8065926	0.3337605
75	0.6609439	0.3956598
76	0.7274364	0.4128955
77	0.6739011	0.3536375
78	0.7988132	0.3314605
79		
80	0.6902298	0.3426567
81	0.8002055	0.253518
82	0.6642682	0.368185
83	0.7121775	0.4357558
84	0.7038934	0.4001059
85	0.7713259	0.3410827
86	0.7117125	0.2975054
87	0.7236576	0.3524187
88	0.7806994	0.3078032
89	0.7338584	0.330394
90	0.8468965	0.2933063
91	0.8030964	0.3933178
92	0.7501132	0.4184637
93	0.6334706	0.3938497
94	0.7657183	0.3566467
95	0.7262627	0.3626616
96	0.710248	0.3598027
97	0.7426009	0.3889697
98	0.7311775	0.35999
99	0.7710352	0.4305552
100	0.748762	0.2740038
101	0.8444547	0.3435469
102	0.7782057	0.3553787
103	0.7231349	0.3035952
104	0.7281397	0.3816123
105	0.708381	0.3655696
106	0.8281923	0.3229558
107	0.7791877	0.2965066
108	0.7791229	0.3239677
109	0.7331596	0.3645772
110	0.7738586	0.4128882
111	0.7678894	0.3281204
112	0.7181997	0.3239614
113	0.7222458	0.3697408
114	0.7255529	0.3511875
115	0.8094687	0.3797715
116	0.8168196	0.2783812
117	0.684944	0.2831424
118	0.8728228	0.2518235
119	0.7858198	0.4084419
120	0.7004132	0.3119333
121	0.7865514	0.326342
122	0.7160292	0.3968983
123	0.73439	0.3414784
124	0.6878164	0.4101118
125	0.7565142	0.3612154
126	0.7183659	0.4116523
127	0.7783138	0.2671229
128	0.6709993	0.340075
129	0.8027435	0.3457603
130	0.8032324	0.319976
131	0.6919008	0.4113658
132	0.7289032	0.3681574
133	0.7775034	0.3667003
134	0.7564433	0.3643545
135	0.6692294	0.3143
136	0.7659923	0.2988584
137	0.7688242	0.4038097
138	0.7807333	0.3760727
139	0.7625483	0.3733408
140	0.7346698	0.3510819
141	0.7990595	0.3658088
142	0.7464376	0.2883632
143	0.6942098	0.39813
144	0.6440361	0.3280559
145	0.6884112	0.344512
146	0.7706628	0.3842146
147	0.7748533	0.4201992
148	0.6989873	0.3881188
149	0.714546	0.4068569
150	0.743442	0.3558647
151	0.6817896	0.3243761
152	0.8306661	0.311181
153	0.7233337	0.3302038
154	0.6928702	0.4062985
155	0.8558539	0.2551444
156	0.6930497	0.4119756
157	0.7622821	0.3522596
158	0.7276156	0.4406887
159	0.808521	0.3184838
160	0.703384	0.3652891
161	0.706751	0.4397571
162	0.7967678	0.3504416
163	0.8248949	0.33479
164	0.7347111	0.3554249
165	0.7629533	0.3162005
166	0.8166001	0.3541419
167	0.8699169	0.3306954
168	0.79603	0.382179
169	0.7292618	0.3493015
170	0.7721299	0.3025422
171	0.748667	0.3904774
172	0.7510459	0.4218859
173	0.792028	0.3247987
174	0.7233396	0.266048
175	0.830019	0.3182033
176	0.7637574	0.3008012
177	0.754009	0.3427697
178	0.8238555	0.3964912
179	0.718199	0.3459226
180	0.7074266	0.267717
181	0.7674096	0.284763
182	0.7074715	0.4118644
183	0.8193169	0.3878489
184	0.738762	0.3527586
185	0.7172895	0.3485442
186	0.7393809	0.270297
187	0.7239596	0.3371717
188	0.7531894	0.4054117
189	0.7744409	0.3049177
190	0.8046459	0.2940443
191	0.7118945	0.2907606
192	0.8184958	0.3137395
193	0.7964546	0.3137602
194	0.8265279	0.2489619
195	0.7642972	0.3419253
196	0.7632275	0.3559729
197	0.7597131	0.3535445
198	0.7086717	0.2591302
199	0.8002675	0.4135646
200	0.8720147	0.34297
201	0.7238137	0.2954947
202	0.8003451	0.434882
203	0.7414068	0.3463722
204	0.7355041	0.3522982
205	0.6783853	0.4181647
206	0.8173914	0.4380761
207	0.7354315	0.359479
208	0.7761957	0.3747979
209	0.7306552	0.2981119
210	0.6896096	0.3368885
211	0.7660112	0.3961125
212	0.7405386	0.3633325
213	0.6603384	0.3563334
214	0.8048639	0.3607534
215	0.8062653	0.3746065
216	0.7324	0.3616775
217	0.7829875	0.3071438
218	0.6853461	0.3677205
219	0.713599	0.4421301
220	0.7602269	0.4212785
221	0.6188458	0.286112
222	0.7565516	0.4008348
223	0.7253785	0.3596289
224	0.8059344	0.3503626
225	0.8112043	0.3565696
226	0.7837435	0.3405531
227	0.8362715	0.3494625
228	0.7358435	0.3478614
229	0.7030796	0.4407964
230	0.6557683	0.2925808
231	0.7327788	0.318204
232	0.7625746	0.3399082
233	0.7354581	0.3762715
234	0.8413737	0.3598001
235	0.8023824	0.2734241
236	0.7155859	0.4198971
237	0.7714397	0.359116
238	0.7399811	0.263416
239	0.82526	0.3277454
240	0.7540892	0.3722148
241	0.8081172	0.3712589
242	0.8668604	0.331635
243		
244	0.7263398	0.3860574
245	0.726991	0.356427
246	0.8398404	0.3139215
247	0.7387261	0.3385849
248	0.7705272	0.3250564
249	0.7769626	0.3315369
250	0.8412267	0.3970145
251	0.7895996	0.3554396
252	0.7252454	0.372095
253	0.7095748	0.3966824
254	0.7311053	0.3321464
255	0.7695804	0.3331197
